   2.0000000e+00   6.7983418e-02  -2.0929929e-01   1.5389102e-01   2.0602465e+00  -3.1108404e-02   1.2756819e+00   4.7035842e-01   1.0350392e+00  -3.9074203e-01  -2.7902848e-01
   2.0000000e+00   8.4071685e-01  -3.2167088e-01  -4.7216952e-01   6.5384894e-01  -9.1456187e-01   2.0650186e+00   7.4215555e-01  -6.8583622e-01   8.4769644e-01  -1.0446903e+00
   2.0000000e+00  -6.3381762e-01  -8.1074908e-01   1.7700302e+00   3.4062367e-01  -9.9852039e-01  -8.6438707e-02   2.3613869e-01   5.4720076e-01   2.0495179e+00  -3.4509467e-01
   2.0000000e+00   7.2884239e-01   1.8362163e+00  -1.1921778e+00  -9.4495422e-01  -5.2715878e-02  -1.4990028e-01  -1.1514397e+00   1.0688947e+00  -7.6580821e-01   8.7644600e-01
   1.0000000e+00  -2.4240614e-01  -9.9154152e-01  -1.8329894e+00  -1.2373936e-02   1.6115926e+00   7.4119340e-01   7.0484655e-01   2.5842114e-01   1.9066707e+00   4.1562886e-01
   2.0000000e+00  -1.5737708e+00  -3.9240918e-01   1.1608826e-02  -7.5099513e-01  -1.2021669e-01   7.7544290e-01  -8.1465280e-01  -3.0659992e+00  -1.0493256e-01   4.0332468e-01
   2.0000000e+00   3.7934783e-01   8.8250129e-01  -1.9933248e-01  -1.1030870e+00   2.1369805e+00  -5.1531468e-01   1.5175008e+00   1.3738349e-01  -2.0561850e-01   6.4740331e-01
   2.0000000e+00  -9.7790441e-01   7.1144596e-01  -5.6883026e-01   1.2125590e+00  -1.3741733e-01  -1.8745334e+00   1.1047474e-01  -4.2275123e-02  -3.8991398e-01  -4.2076922e-01
   1.0000000e+00   2.3304706e-01  -1.0604816e-01  -3.9615021e-01  -1.8692227e-02  -2.8613823e-01   7.8772218e-01  -1.0587530e+00  -3.4355048e-02   1.1644433e+00   3.3402799e-01
   2.0000000e+00   5.0761638e-01   1.3999982e+00   1.8687129e-01  -1.1303230e+00   8.8230026e-01  -1.8851434e+00  -1.5129074e+00  -2.2089596e+00   3.1476165e-01  -9.2944282e-01
   2.0000000e+00   1.1018153e+00   8.8534174e-01   4.9706087e-03  -9.1337694e-01   2.5027998e-01   1.9263665e+00   5.4098495e-01  -6.5398521e-01  -2.1472348e-01  -1.3513125e-02
   2.0000000e+00  -2.8599912e+00  -7.1079702e-01  -3.4145771e-01   1.2333945e+00  -9.0608968e-01  -9.4065967e-02  -1.1931387e+00   4.5359690e-01  -2.1841730e-01   6.7408792e-02
   2.0000000e+00   5.0257764e-01  -6.5939630e-01   7.7495614e-02  -1.8381615e+00  -8.7675812e-01   9.4753154e-01   2.3527077e-01   6.8868504e-01   1.9450733e-01  -3.3820018e-01
   2.0000000e+00  -1.3593246e-01   5.8725256e-02   9.1812064e-01   4.3815769e-01  -3.9844330e-02  -8.1314330e-02  -2.6465614e+00   3.3907766e-01   7.2658669e-01  -9.0753063e-02
   2.0000000e+00   1.6871440e+00   9.4837491e-01  -4.3021785e-01  -1.6911397e+00   1.0553281e+00  -5.8231097e-01  -8.7524692e-01   1.6349253e+00   5.1194569e-01  -1.8991286e+00
   2.0000000e+00  -9.2945517e-01  -6.2535794e-01   7.3335597e-01  -1.4576778e-01   2.0606552e+00   2.1685491e-01   1.3883672e+00  -1.7004878e+00  -1.3002665e+00  -1.9131094e-01
   1.0000000e+00   1.0787885e+00  -6.5416782e-01   1.1229535e+00  -2.5024572e-01  -1.0918517e+00   2.7642736e-01  -8.1835493e-01  -2.6662294e-01   8.7107282e-03  -1.5294858e+00
   2.0000000e+00  -1.2481603e+00   4.0552421e-01  -7.9062187e-01  -1.2427821e+00  -5.1917739e-01  -1.2633815e+00   6.7525878e-01   1.1248933e+00   1.6559639e+00   1.4302811e+00
   2.0000000e+00  -5.2678686e-01  -3.8841955e-01   1.0068471e+00  -1.4960683e+00  -6.5881433e-01   5.6456994e-01   1.8481455e+00  -3.3690968e+00  -1.3128343e-01  -2.0445302e-01
   2.0000000e+00  -1.1826324e+00   7.8824518e-02   1.5295568e-01   6.2904982e-02   5.1103708e-01  -4.6173535e-01  -1.3288322e-01   1.3748988e-01   1.8476754e+00  -2.5143236e-01
   2.0000000e+00  -2.0914224e-01  -7.3841067e-01  -1.2354567e+00  -5.3363465e-01   1.0339165e-01  -6.5674434e-01   1.7555245e+00   4.0196713e-01   7.2370737e-01   1.7787551e-01
   1.0000000e+00   7.2697602e-01  -6.0568325e-01   2.8465065e+00   4.1334664e-01  -2.8458425e-01   6.5180853e-01  -1.6252476e+00  -1.9843296e-02   6.7190057e-01  -1.1005718e+00
   2.0000000e+00  -1.8487442e+00  -1.6522494e-01   7.4419044e-01  -3.7922221e-01   4.2210725e-01  -3.2675822e-02  -7.3828849e-01   8.9140762e-01  -1.9176242e-01  -6.2238165e-01
   2.0000000e+00   1.3166920e-01  -9.3948875e-01   4.0529915e-01  -2.1914181e-01  -1.7635961e+00  -3.2265499e+00   1.6711137e+00  -8.0530300e-01   6.9712231e-01  -5.8641196e-01
   2.0000000e+00   7.7019890e-01   1.3231261e+00  -1.2846234e+00   6.2586419e-01  -1.6951255e+00  -1.5024594e+00   4.8638679e-01  -9.3919616e-01  -9.6817011e-01   4.4381527e-01
   2.0000000e+00   1.3079525e+00   1.2837708e+00   5.4164356e-01   3.8777616e-02  -1.8663949e+00   1.6272331e+00  -1.9788986e-01   2.2622808e+00  -1.0292116e+00  -4.7345881e-01
   2.0000000e+00   1.6230446e+00  -4.8935919e-02  -7.0203275e-01  -7.0487662e-01  -7.6805549e-01   1.1781512e+00  -8.5157518e-01  -1.1013782e+00  -1.4731584e+00   1.7265638e-01
   2.0000000e+00  -4.8627238e-01  -8.4984742e-01  -8.5237227e-01  -7.5582814e-01   8.1037320e-01  -1.2048998e-02   1.3250730e+00  -1.2269237e+00   2.9177202e-01   4.3648135e-01
   2.0000000e+00   9.2073898e-01   5.8724816e-01  -6.3752099e-01   1.1925190e+00  -6.6005363e-01   1.3894147e+00   4.8953465e-02   9.0404050e-01  -7.8653956e-01   1.2728930e+00
   2.0000000e+00  -5.1288101e-01  -1.6380095e-01  -1.1077735e+00  -6.9314697e-01  -1.0628296e+00  -9.9168038e-01   1.1975999e+00  -6.8604942e-02   2.2567246e-01  -1.3171601e+00
   2.0000000e+00   1.9280560e-01  -6.9456411e-01  -4.8605893e-01  -1.7910935e+00   1.6420787e+00  -1.0265158e+00  -2.9810036e-01   6.6588855e-02  -3.2511945e-01  -1.4238679e-01
   2.0000000e+00  -4.3921906e-01  -2.1476851e-01   3.3608693e-02   5.6847843e-01   2.1015676e-01  -8.6965832e-01  -4.5630157e-01   8.6486093e-01   1.0039106e+00   1.9365657e+00
   2.0000000e+00  -1.9670617e-01   9.0334736e-01   1.0987861e+00   1.4241257e-01  -7.3080384e-01   8.5419543e-01  -7.6174943e-01   5.0767347e-01   2.2003765e+00   5.1944183e-01
   2.0000000e+00  -3.8003992e-03  -6.4411204e-01  -6.0253506e-01  -8.6235413e-01  -1.9294527e-01  -2.3179562e-01   8.3866407e-01   6.9889488e-01   9.8859535e-01   3.0482416e-02
   2.0000000e+00  -1.9297564e-01   6.7164237e-01   4.1130373e-01  -1.6754161e+00   5.6866542e-01  -7.5150345e-01  -2.9708257e-01   4.1356752e-01  -7.8069827e-01  -2.0179093e-01
   2.0000000e+00   6.7489523e-01   1.1455602e+00   7.6365576e-02   2.1389794e+00  -9.0374018e-01  -1.0367135e+00   2.7438862e-01  -6.7996931e-02   1.7492766e-01   2.8009866e+00
   2.0000000e+00   3.3551379e-01  -4.4114215e-01  -1.7117675e+00   1.3282192e+00  -8.2707799e-01  -1.9804044e+00   2.1762923e-01  -1.4957118e+00  -2.0380538e-01  -3.6069403e-01
   2.0000000e+00  -1.8721237e-01  -1.4819541e+00   7.5219931e-01   1.3816672e+00  -1.4291301e+00  -1.2937989e+00   5.4274314e-01  -5.6201097e-01   2.5719200e-02  -7.7722659e-01
   1.0000000e+00  -1.0241911e+00   3.4271209e-01  -2.2371318e-01  -1.1048916e+00   8.3198789e-01   8.2170217e-02   1.4069295e-01  -6.9012261e-01  -8.9376324e-01  -2.6082261e-01
   2.0000000e+00  -1.9108781e-01   1.4228479e+00  -8.3707331e-01   1.1333020e-01  -1.0069317e+00  -6.2006336e-01   7.1891367e-01   8.6584590e-01   1.1287676e+00  -1.9610168e+00
   2.0000000e+00  -1.4025743e+00   9.4184118e-01  -4.6293175e-01  -1.3569204e-01  -1.3416710e+00  -9.8092984e-01  -2.2146142e-01   2.2735878e-01  -1.7887314e-01  -8.3055787e-01
   2.0000000e+00  -1.7303454e+00  -2.1373505e+00   8.7608820e-01   1.1004095e-01  -6.9092389e-02   7.1309177e-01  -1.1466100e+00  -1.4499335e+00  -5.1060749e-01  -2.7433503e-01
   2.0000000e+00  -7.6431595e-01   1.0465151e+00   1.1438444e+00   4.9413688e-01  -1.4243326e+00   1.4315525e+00   8.3323060e-01   1.8496130e+00   1.2616738e+00  -1.2082279e+00
   2.0000000e+00  -1.1533022e+00  -1.3442680e+00   1.2303038e+00  -1.7243201e-01   3.9525671e-01  -7.7237809e-01  -1.4992675e+00   5.4588350e-01  -1.9287238e+00  -4.6974634e-01
   2.0000000e+00  -7.9307101e-01   4.5150851e-01   2.6843062e+00  -3.6916836e-01  -6.8410221e-01   2.8237574e-01  -1.3239182e+00   1.3658857e+00  -1.0244823e+00   8.7188626e-01
   2.0000000e+00  -9.5212969e-02  -9.5752426e-01   1.0828591e+00   2.5934699e-01   2.8053365e+00  -1.3525062e-01   3.6005674e-01  -5.3307055e-01   6.3192118e-01  -5.0694480e-01
   1.0000000e+00  -1.7222149e+00  -1.4155735e+00  -1.3520098e-01  -1.9594762e-01  -4.6890831e-01   2.9746437e-01   1.7944677e-01  -7.4860702e-01   1.8320253e-01  -4.0909889e-01
   2.0000000e+00   1.3534369e+00  -8.9800435e-02  -4.5831219e-01   9.0072032e-02  -5.3896587e-01   1.1131227e+00   1.2929655e+00   8.7661588e-01   1.0888477e+00  -9.8884403e-01
   2.0000000e+00  -6.0052541e-01  -1.1241987e+00  -7.2914236e-01  -2.2898963e-01  -9.9536796e-02   8.8421607e-01  -4.7426064e-01  -3.3336705e-01  -6.6071591e-01   6.1288763e-01
   2.0000000e+00  -2.2143571e-01  -2.5420053e+00  -5.4184946e-03  -5.1591631e-02   7.7110122e-01   1.0278719e+00   1.4584771e+00   5.6420447e-02  -5.2525476e-01  -3.1280372e-01
   1.0000000e+00   8.8904270e-01  -1.9135686e+00   1.2787347e+00   2.4358935e+00  -1.6777325e+00   4.7904453e-01  -1.0597455e+00  -4.6110911e-01   9.6572431e-01   4.3944859e-01
   2.0000000e+00   4.7103671e-01  -1.0131815e+00  -5.0209912e-01  -8.3891328e-01   1.2911844e-01   1.2105791e+00   2.6491080e-02  -1.4303936e+00  -4.9398618e-01  -2.8581127e-01
   2.0000000e+00  -1.2099024e+00   6.0567846e-01   1.2277251e-01   8.1232106e-01   1.2697455e+00  -4.5786365e-01  -3.2011898e-01   8.8341804e-01   7.8625276e-01   1.5174850e+00
   2.0000000e+00   3.1542130e-02   1.5342307e+00  -6.3831334e-01  -8.0915189e-01  -1.1854520e+00   2.1193175e+00  -4.3280300e-01   9.2410593e-01  -1.0539696e+00   2.3511602e+00
   2.0000000e+00   1.1767438e+00   1.7257051e+00  -1.5047940e+00   5.3227762e-01  -2.3048810e-01  -1.6932499e+00   1.8051649e-01  -3.9199380e-01   5.0682069e-01  -7.7543056e-01
   2.0000000e+00  -4.5748937e-01   3.2758567e-01  -1.4189399e+00  -2.2386681e+00   1.9870564e-01   8.6148153e-01   9.0849057e-01  -5.6161407e-01   3.6948434e-01  -1.6285335e-01
   2.0000000e+00  -4.5451259e-01  -1.5572169e+00   2.8816017e-01   1.8315994e+00  -2.6382298e-01   1.7662927e+00   3.1684714e-01   6.8696267e-01   7.3499631e-02   1.5496853e+00
   2.0000000e+00   6.6713266e-01  -1.0942455e+00   1.1928121e+00  -6.1392638e-02  -3.4854437e-01  -7.4276033e-01  -1.4298777e-01  -1.0808618e-01  -8.0640520e-01  -3.9461455e-01
   2.0000000e+00  -4.4552358e-01   1.1032757e+00   1.5131304e+00  -1.5025112e+00   3.0560501e-01  -1.7885240e+00   1.5476063e+00  -6.1677363e-01  -6.1962327e-01  -8.9485245e-01
   2.0000000e+00  -2.3287499e+00  -3.5987941e-01   4.4688473e-01  -1.0228074e-02  -9.6560743e-02   1.5145107e+00   1.0333599e+00  -1.9890058e+00   1.0248381e+00   6.4600831e-01
   2.0000000e+00   7.1327516e-01   1.1216569e+00  -1.0468085e-04  -2.6305867e-01   8.3689088e-01  -7.5240004e-02  -1.8167035e+00  -1.3861685e+00  -1.1929509e-01   1.6542477e+00
   2.0000000e+00   2.4189047e+00  -1.4445280e+00   2.5437570e-01   8.2842494e-01   1.0259775e-01  -1.2403276e+00  -4.2684501e-01  -1.2767211e+00   8.3029433e-02   1.6407334e+00
   2.0000000e+00   9.3759470e-02  -6.3548710e-01   1.7942067e-02   2.2412994e-01   8.3694186e-01  -4.2243003e-01  -2.4913574e-01   1.2175879e-01  -3.5714539e-02   3.6983450e-01
   2.0000000e+00   2.3299149e-01   9.2893205e-01   4.1615302e-01  -3.6135353e-01   1.4072057e+00   1.3323009e+00   7.0290780e-01  -2.7281749e+00  -3.9686758e+00   1.0568870e+00
   2.0000000e+00   6.6882304e-01  -2.3821009e-01  -1.0661687e+00   7.8286426e-01  -5.2222954e-01  -2.8374445e-01   1.3007821e+00  -1.3690896e+00   2.3210081e+00  -2.6691070e-01
   1.0000000e+00   2.0729565e+00   8.9653239e-01  -7.8290216e-01  -1.1803549e+00   1.4473313e+00   1.2820619e-01   3.1338898e-01  -6.6515802e-02  -2.5736673e-01   5.7746033e-01
   2.0000000e+00   8.4176840e-01  -4.8211976e-01   1.8481306e-01  -4.7448472e-01  -1.0633312e+00   1.9213017e-02  -2.6066592e-01   1.5053558e+00  -9.1010810e-01  -6.1405940e-01
   1.0000000e+00  -1.0748947e+00   6.3935287e-01  -3.4093699e-01  -2.0566463e-01  -1.6066770e+00   6.6522387e-01   8.9405050e-01   5.2925305e-01  -3.7514342e-01  -3.8790599e-01
   1.0000000e+00  -8.9614040e-01  -2.4089400e-01  -1.8809584e+00   6.6900169e-01  -2.6445159e-01   2.0636135e-01   5.1769107e-01   4.0008660e-01  -6.4986399e-01   8.5631109e-01
   1.0000000e+00  -8.8513050e-01  -1.0262192e+00  -1.7087748e-01  -2.2196303e-01  -1.2988590e+00   7.0900290e-01   8.5342185e-01   1.1248808e-01   1.1811752e+00  -5.6834185e-01
   2.0000000e+00  -1.0212772e+00   1.2853188e+00  -7.1241034e-01   6.6086071e-02   1.0696290e+00   2.5172797e+00   1.2779031e+00  -9.9280342e-02   6.8790913e-01   4.4584790e-01
   1.0000000e+00   8.5281115e-01  -7.3406602e-02  -2.0620992e-02  -1.1533809e-01  -1.1775334e-02   2.7522110e-01   5.3420391e-01   4.9056458e-01   1.6973185e-01   2.4233702e+00
   2.0000000e+00  -1.3231486e+00  -2.5343378e+00  -7.0037327e-01   1.4326619e+00  -3.4566840e-01   4.7318941e-01  -6.1270041e-02  -1.2716093e+00   8.9124763e-01   2.9757492e-01
   2.0000000e+00   4.3164997e-01  -2.1236682e+00  -5.3062254e-01   6.1841659e-01   6.1683644e-01   2.2259553e+00   1.9588716e-01  -1.2092750e+00   2.3880718e-01  -8.6825217e-01
   1.0000000e+00   1.1551118e+00   1.0351489e+00   1.0567885e+00  -1.3753457e+00   1.1713225e+00   2.8087832e-01  -1.3914205e+00  -7.8430011e-01  -2.3410696e-02   4.4832296e-01
   2.0000000e+00  -2.8539330e-01   3.7716760e-01  -3.5608031e-01  -8.8296055e-01   5.2388259e-01  -9.8459260e-01  -2.0207999e-01   5.7578967e-01   5.2147036e-01  -1.6805063e+00
   2.0000000e+00   4.8644844e-01  -3.5255930e-01  -8.1837396e-01  -1.1038262e+00   5.1115445e-01  -1.9056703e+00   1.5506916e-01  -2.5045923e-01   3.3136355e-01  -1.8538600e+00
   2.0000000e+00   3.2374977e-01  -1.9509476e+00  -8.7963504e-01   1.8185902e+00   4.2161808e-01   8.2482839e-01   3.6722450e-01   5.5810512e-01   1.4835302e+00  -1.6533709e+00
   2.0000000e+00  -2.5566366e-02  -4.1326878e-01  -1.6921160e-01  -4.4809706e-01  -8.5110840e-02  -9.0717901e-01   4.3087979e-02  -8.8380438e-02  -5.4273091e-01   1.6119211e-01
   2.0000000e+00   4.3652760e-01  -9.5484765e-01  -3.5334731e-01  -1.1066225e+00  -2.7325701e-01  -1.0444946e+00   1.4910117e-01  -4.7277244e-01   2.3761575e-01   1.1544752e+00
   2.0000000e+00  -1.1415790e-02  -4.0772382e-01   6.8583117e-01   9.8175360e-01  -1.0901380e+00  -1.1176020e+00   1.1142522e-01   1.0733506e-01  -5.8798311e-01  -7.9470936e-01
   1.0000000e+00   1.2125796e+00  -3.8692737e-01  -3.6775030e-01  -8.1551648e-01  -1.6722109e+00   2.7476873e-01  -9.4645810e-01  -4.4777876e-02  -7.6989638e-01  -3.6596765e-01
   2.0000000e+00   1.8096129e+00  -6.4636444e-01   7.6852298e-01   5.3940757e-02  -1.4504175e-01   2.2697535e-01  -1.3401489e+00  -9.6896645e-01   1.5981322e+00  -2.6244328e-02
   2.0000000e+00   1.6871511e+00  -5.4315140e-01   1.7164448e+00  -2.4095320e-01   5.0984990e-01  -1.3070171e-01   3.8201080e-01  -5.7220475e-02  -4.7469987e-01  -6.8694139e-01
   1.0000000e+00  -2.7783163e-02  -6.5612368e-01  -1.1239148e+00   9.0471207e-01  -1.3812329e+00   6.2096997e-01   3.4326219e-01  -5.7258191e-01  -2.2763631e-01  -9.7472010e-01
   2.0000000e+00   9.0462401e-01  -9.4646895e-01   3.3674347e-01  -7.6919880e-01   1.0391553e+00  -1.0402989e+00   1.0688044e+00  -1.3720467e+00   4.9019334e-01  -2.0641782e-02
   2.0000000e+00  -1.4022901e+00   1.2475985e-01   1.1457407e+00  -1.1001835e-02  -1.4565001e+00  -2.1709424e-02  -5.0830520e-01   1.1870479e+00  -1.9403981e-01  -1.0584135e+00
   2.0000000e+00  -1.0901301e+00  -9.9780705e-01  -2.6698487e+00   5.7968161e-01  -3.0172516e-02  -1.7992707e-01  -2.1103633e-01  -1.5982457e+00   1.5984244e+00   1.3664699e+00
   2.0000000e+00  -9.9191219e-02  -1.4201557e+00  -1.3354286e+00   1.1973699e+00  -1.6111417e+00  -1.3157260e-01  -4.2353698e-01   2.7440569e-01  -1.4187023e+00   2.5404068e-02
   2.0000000e+00   1.8100317e+00  -5.3984140e-01   5.8169034e-01  -7.9805065e-01   6.3348871e-01  -1.8622086e+00   2.1757280e+00  -2.3284112e-01  -1.7195346e+00  -2.5150221e-01
   2.0000000e+00   8.0514518e-01  -2.5955445e+00   1.0031333e+00   1.0725287e-01  -9.8458951e-01   4.4781529e-01   8.8269240e-01   6.1691719e-01  -1.0404665e+00   4.5486891e-01
   2.0000000e+00   5.3479948e-01   8.7864482e-01   6.5329771e-01  -1.4786218e+00  -5.3779167e-01   3.4925553e+00   1.5383071e+00   4.9438760e-01  -3.2303602e-01   1.7944023e+00
   2.0000000e+00  -1.8321425e+00   4.2540451e-01  -4.1122702e-01   1.6125050e+00   7.0562721e-02  -1.5829728e+00   3.3996328e-01   2.1464570e-01  -1.4364782e+00  -1.5899537e+00
   2.0000000e+00   2.4191519e+00  -1.4825034e+00  -8.0022917e-01   1.5251699e+00  -1.6519232e+00  -9.1435601e-02   9.1184232e-01  -1.9454296e-01  -2.6197917e-01   1.2246107e+00
   2.0000000e+00   3.5535365e-02  -1.8506324e+00  -2.2330219e+00  -7.9891381e-01  -5.7494559e-02  -2.1272420e+00  -6.2702576e-01   2.5037090e-01  -1.2852520e-01  -1.1612192e+00
   2.0000000e+00   2.9774521e-01   1.0773096e+00  -1.1200630e+00   1.0385539e+00  -1.3741145e+00   6.4830436e-01  -2.5923919e-01  -6.4084078e-01   3.6868903e-01   2.9520772e-01
   2.0000000e+00   7.6459812e-01   6.2781545e-01  -2.3153104e-01   1.4988779e-01   6.7667296e-01  -8.3008288e-02  -1.7307012e+00   2.0558773e+00  -1.4430564e+00   6.6902487e-01
   2.0000000e+00   7.0175240e-01  -1.6334869e+00   2.8580559e+00   1.2388443e-01   1.3066581e+00   1.6068898e+00   7.0396811e-01  -8.5857785e-01   5.3668140e-01  -1.2489991e+00
   2.0000000e+00  -3.5720643e-01  -2.0807692e+00   5.8425140e-02   7.0198842e-01  -5.6831208e-01   8.6518881e-01  -2.0869936e-01   9.2826120e-01  -6.1281405e-02   5.7951966e-01
   2.0000000e+00  -8.8864763e-01   9.2142137e-01  -3.7072052e-01   2.4273795e-01   1.1518512e+00  -1.0308636e+00   7.6246043e-01  -1.9970239e-01  -2.6152096e-01   5.7004323e-01
